version https://git-lfs.github.com/spec/v1
oid sha256:c9211d131b797b9be11b146566163dbf0a5c2e20265b1a09b35e85c4535c8dd8
size 305646967
